73
THECC12418 0.00 0.79 0.80 0.79 0.68 0.79 0.91 0.91 0.92 0.92 0.91 0.91 0.81 0.96 0.96 0.89 0.87 0.79 0.85 0.62 0.86 0.87 0.88 0.85 0.86 0.84 0.74 0.96 0.97 0.97 0.81 0.82 0.80 0.77 0.92 0.89 0.75 0.97 0.95 0.96 0.96 0.95 0.97 0.95 0.80 0.79 0.81 0.70 0.89 0.76 0.84 0.89 0.88 0.91 0.83 0.92 0.89 0.97 0.80 0.75 0.87 0.97 0.97 0.96 0.80 0.81 0.96 0.96 0.96 0.67 0.76 0.75 0.94
BRANA93064 0.79 0.00 0.64 0.83 0.81 0.17 0.90 0.89 0.91 0.89 0.90 0.89 0.85 0.97 0.97 0.90 0.88 0.85 0.85 0.77 0.86 0.88 0.87 0.85 0.85 0.85 0.81 0.96 0.98 0.97 0.83 0.84 0.83 0.54 0.91 0.91 0.81 0.96 0.96 0.96 0.97 0.96 0.97 0.96 0.82 0.84 0.83 0.81 0.88 0.53 0.85 0.88 0.88 0.90 0.83 0.91 0.88 0.96 0.21 0.81 0.87 0.97 0.98 0.96 0.86 0.83 0.97 0.95 0.97 0.80 0.81 0.78 0.93
ARAAL13164 0.80 0.64 0.00 0.82 0.82 0.62 0.89 0.90 0.90 0.90 0.90 0.90 0.85 0.97 0.97 0.90 0.88 0.85 0.85 0.79 0.86 0.88 0.87 0.86 0.85 0.85 0.83 0.96 0.97 0.97 0.86 0.86 0.85 0.56 0.91 0.90 0.82 0.96 0.95 0.97 0.96 0.97 0.97 0.97 0.83 0.83 0.84 0.81 0.88 0.54 0.85 0.88 0.88 0.90 0.83 0.92 0.90 0.96 0.67 0.83 0.86 0.96 0.97 0.97 0.86 0.83 0.97 0.95 0.97 0.81 0.81 0.82 0.92
CUCSA14784 0.79 0.83 0.82 0.00 0.80 0.83 0.90 0.92 0.90 0.90 0.90 0.92 0.83 0.98 0.97 0.90 0.90 0.83 0.82 0.78 0.88 0.88 0.88 0.88 0.87 0.87 0.81 0.97 0.97 0.97 0.84 0.83 0.84 0.81 0.92 0.91 0.79 0.98 0.97 0.97 0.95 0.96 0.97 0.96 0.81 0.81 0.81 0.80 0.89 0.80 0.83 0.89 0.87 0.89 0.82 0.91 0.88 0.98 0.84 0.79 0.89 0.96 0.97 0.97 0.84 0.82 0.96 0.96 0.96 0.80 0.82 0.82 0.95
GOSRA46123 0.68 0.81 0.82 0.80 0.00 0.81 0.93 0.92 0.93 0.92 0.92 0.92 0.83 0.96 0.97 0.90 0.88 0.81 0.82 0.63 0.86 0.89 0.89 0.88 0.87 0.87 0.74 0.96 0.97 0.97 0.83 0.83 0.84 0.77 0.93 0.90 0.77 0.97 0.97 0.97 0.97 0.96 0.97 0.96 0.81 0.81 0.80 0.20 0.91 0.76 0.83 0.91 0.86 0.91 0.81 0.93 0.90 0.97 0.82 0.78 0.88 0.97 0.97 0.96 0.83 0.81 0.96 0.96 0.96 0.12 0.77 0.76 0.95
BRAOL50779 0.79 0.17 0.62 0.83 0.81 0.00 0.90 0.89 0.90 0.88 0.90 0.88 0.84 0.97 0.97 0.89 0.87 0.83 0.84 0.77 0.86 0.87 0.86 0.85 0.84 0.84 0.81 0.96 0.97 0.97 0.84 0.84 0.84 0.55 0.92 0.89 0.81 0.97 0.96 0.96 0.96 0.96 0.97 0.96 0.82 0.82 0.82 0.81 0.88 0.55 0.84 0.88 0.87 0.90 0.83 0.91 0.87 0.97 0.30 0.80 0.87 0.97 0.98 0.96 0.86 0.83 0.97 0.95 0.97 0.80 0.81 0.78 0.92
ORYNI24757 0.91 0.90 0.89 0.90 0.93 0.90 0.00 0.88 0.46 0.85 0.07 0.88 0.92 0.97 0.97 0.88 0.88 0.91 0.93 0.91 0.86 0.87 0.86 0.86 0.85 0.85 0.88 0.98 0.98 0.96 0.91 0.92 0.92 0.89 0.34 0.86 0.90 0.97 0.96 0.96 0.96 0.98 0.97 0.98 0.92 0.92 0.92 0.92 0.18 0.89 0.93 0.21 0.85 0.85 0.93 0.36 0.86 0.97 0.91 0.91 0.85 0.97 0.98 0.97 0.93 0.91 0.96 0.96 0.96 0.91 0.89 0.90 0.88
ORYNI37447 0.91 0.89 0.90 0.92 0.92 0.89 0.88 0.00 0.90 0.56 0.88 0.30 0.92 0.96 0.97 0.88 0.89 0.90 0.91 0.92 0.84 0.88 0.88 0.86 0.86 0.85 0.90 0.95 0.96 0.96 0.91 0.91 0.92 0.90 0.88 0.85 0.90 0.95 0.96 0.96 0.97 0.96 0.96 0.96 0.91 0.92 0.91 0.92 0.88 0.90 0.92 0.88 0.80 0.90 0.92 0.89 0.56 0.95 0.90 0.92 0.84 0.97 0.98 0.97 0.94 0.92 0.96 0.97 0.96 0.92 0.91 0.90 0.89
ORYPU21343 0.92 0.91 0.90 0.90 0.93 0.90 0.46 0.90 0.00 0.87 0.46 0.89 0.93 0.97 0.98 0.89 0.88 0.91 0.94 0.92 0.86 0.89 0.87 0.87 0.86 0.86 0.90 0.98 0.98 0.96 0.93 0.93 0.93 0.90 0.55 0.86 0.92 0.97 0.96 0.95 0.97 0.97 0.98 0.97 0.93 0.92 0.92 0.93 0.48 0.89 0.93 0.49 0.86 0.86 0.93 0.55 0.87 0.97 0.91 0.92 0.87 0.97 0.98 0.97 0.93 0.92 0.96 0.96 0.96 0.92 0.92 0.92 0.88
ORYPU32013 0.92 0.89 0.90 0.90 0.92 0.88 0.85 0.56 0.87 0.00 0.85 0.52 0.91 0.96 0.97 0.88 0.88 0.91 0.90 0.91 0.85 0.87 0.87 0.87 0.86 0.85 0.89 0.97 0.97 0.96 0.91 0.91 0.91 0.90 0.87 0.83 0.89 0.97 0.97 0.96 0.97 0.97 0.96 0.97 0.92 0.92 0.91 0.92 0.86 0.89 0.92 0.86 0.78 0.88 0.91 0.87 0.53 0.97 0.90 0.91 0.86 0.98 0.98 0.97 0.93 0.91 0.96 0.96 0.96 0.92 0.90 0.89 0.89
ORYRU25304 0.91 0.90 0.90 0.90 0.92 0.90 0.07 0.88 0.46 0.85 0.00 0.88 0.92 0.97 0.97 0.88 0.88 0.91 0.93 0.91 0.86 0.87 0.86 0.86 0.85 0.85 0.89 0.98 0.98 0.96 0.91 0.92 0.92 0.89 0.33 0.86 0.90 0.97 0.96 0.96 0.96 0.98 0.97 0.98 0.92 0.92 0.92 0.92 0.18 0.89 0.93 0.22 0.85 0.85 0.93 0.33 0.86 0.97 0.91 0.91 0.85 0.97 0.98 0.97 0.93 0.91 0.96 0.96 0.96 0.91 0.90 0.90 0.88
ORYRU38002 0.91 0.89 0.90 0.92 0.92 0.88 0.88 0.30 0.89 0.52 0.88 0.00 0.92 0.95 0.97 0.88 0.89 0.91 0.92 0.91 0.85 0.90 0.89 0.86 0.86 0.85 0.91 0.95 0.96 0.96 0.92 0.92 0.92 0.90 0.89 0.85 0.90 0.95 0.96 0.96 0.96 0.96 0.96 0.96 0.91 0.92 0.91 0.91 0.88 0.89 0.93 0.88 0.78 0.89 0.92 0.88 0.47 0.95 0.89 0.93 0.86 0.97 0.97 0.96 0.94 0.92 0.96 0.96 0.96 0.91 0.91 0.91 0.91
PHAAN05400 0.81 0.85 0.85 0.83 0.83 0.84 0.92 0.92 0.93 0.91 0.92 0.92 0.00 0.96 0.97 0.90 0.88 0.84 0.71 0.80 0.87 0.89 0.90 0.89 0.88 0.87 0.80 0.96 0.97 0.97 0.87 0.86 0.86 0.82 0.93 0.91 0.80 0.98 0.96 0.97 0.97 0.96 0.97 0.96 0.63 0.60 0.58 0.82 0.91 0.82 0.62 0.90 0.88 0.90 0.57 0.92 0.91 0.98 0.86 0.80 0.89 0.98 0.97 0.97 0.83 0.42 0.97 0.96 0.97 0.83 0.82 0.81 0.94
BODSA09965 0.96 0.97 0.97 0.98 0.96 0.97 0.97 0.96 0.97 0.96 0.97 0.95 0.96 0.00 0.96 0.95 0.95 0.97 0.97 0.96 0.95 0.96 0.96 0.95 0.96 0.96 0.96 0.96 0.96 0.93 0.97 0.97 0.97 0.96 0.97 0.96 0.96 0.95 0.97 0.96 0.96 0.97 0.97 0.97 0.96 0.96 0.96 0.96 0.97 0.96 0.96 0.97 0.96 0.96 0.96 0.97 0.96 0.95 0.97 0.96 0.96 0.96 0.95 0.96 0.96 0.96 0.95 0.96 0.96 0.96 0.96 0.98 0.98
PSEPJ02990 0.96 0.97 0.97 0.97 0.97 0.97 0.97 0.97 0.98 0.97 0.97 0.97 0.97 0.96 0.00 0.97 0.97 0.96 0.97 0.97 0.97 0.98 0.98 0.97 0.97 0.97 0.97 0.94 0.96 0.97 0.97 0.98 0.97 0.96 0.98 0.97 0.96 0.96 0.96 0.98 0.94 0.96 0.95 0.96 0.96 0.97 0.96 0.98 0.98 0.96 0.97 0.98 0.97 0.97 0.97 0.98 0.97 0.96 0.96 0.97 0.98 0.98 0.98 0.94 0.97 0.97 0.95 0.95 0.95 0.97 0.97 0.98 0.99
SORBI14018 0.89 0.90 0.90 0.90 0.90 0.89 0.88 0.88 0.89 0.88 0.88 0.88 0.90 0.95 0.97 0.00 0.55 0.91 0.90 0.88 0.84 0.85 0.86 0.84 0.83 0.83 0.88 0.97 0.97 0.96 0.91 0.91 0.91 0.89 0.89 0.84 0.89 0.96 0.97 0.96 0.97 0.98 0.96 0.98 0.90 0.91 0.89 0.90 0.88 0.89 0.92 0.88 0.85 0.84 0.91 0.88 0.87 0.96 0.91 0.90 0.86 0.97 0.97 0.97 0.91 0.89 0.97 0.97 0.96 0.88 0.90 0.90 0.89
MAIZE29959 0.87 0.88 0.88 0.90 0.88 0.87 0.88 0.89 0.88 0.88 0.88 0.89 0.88 0.95 0.97 0.55 0.00 0.89 0.88 0.86 0.83 0.84 0.85 0.84 0.83 0.82 0.88 0.96 0.98 0.95 0.90 0.89 0.91 0.88 0.89 0.86 0.88 0.97 0.96 0.96 0.97 0.96 0.97 0.96 0.88 0.89 0.88 0.88 0.87 0.88 0.89 0.87 0.84 0.85 0.88 0.90 0.86 0.97 0.89 0.88 0.86 0.97 0.96 0.97 0.90 0.87 0.97 0.97 0.97 0.87 0.87 0.87 0.91
NICAT17634 0.79 0.85 0.85 0.83 0.81 0.83 0.91 0.90 0.91 0.91 0.91 0.91 0.84 0.97 0.96 0.91 0.89 0.00 0.84 0.77 0.87 0.87 0.88 0.88 0.87 0.86 0.79 0.96 0.98 0.98 0.85 0.85 0.86 0.80 0.91 0.91 0.78 0.97 0.96 0.97 0.97 0.95 0.97 0.95 0.82 0.83 0.83 0.81 0.90 0.82 0.86 0.89 0.87 0.91 0.84 0.91 0.89 0.97 0.85 0.82 0.89 0.96 0.98 0.96 0.65 0.81 0.96 0.96 0.96 0.81 0.82 0.82 0.93
LUPAN02887 0.85 0.85 0.85 0.82 0.82 0.84 0.93 0.91 0.94 0.90 0.93 0.92 0.71 0.97 0.97 0.90 0.88 0.84 0.00 0.81 0.89 0.90 0.90 0.90 0.89 0.88 0.80 0.97 0.97 0.97 0.85 0.83 0.85 0.80 0.94 0.92 0.80 0.98 0.96 0.98 0.98 0.97 0.98 0.97 0.70 0.72 0.69 0.83 0.91 0.82 0.72 0.91 0.88 0.89 0.68 0.93 0.90 0.98 0.86 0.80 0.91 0.97 0.96 0.97 0.83 0.69 0.97 0.96 0.97 0.82 0.82 0.83 0.94
COCAP18490 0.62 0.77 0.79 0.78 0.63 0.77 0.91 0.92 0.92 0.91 0.91 0.91 0.80 0.96 0.97 0.88 0.86 0.77 0.81 0.00 0.86 0.87 0.88 0.86 0.86 0.86 0.74 0.96 0.97 0.97 0.81 0.82 0.82 0.74 0.92 0.90 0.75 0.98 0.96 0.97 0.96 0.96 0.96 0.96 0.78 0.76 0.77 0.67 0.90 0.74 0.81 0.89 0.85 0.89 0.78 0.92 0.88 0.98 0.79 0.75 0.88 0.98 0.97 0.96 0.79 0.79 0.96 0.96 0.96 0.63 0.74 0.74 0.93
HORVV126779 0.86 0.86 0.86 0.88 0.86 0.86 0.86 0.84 0.86 0.85 0.86 0.85 0.87 0.95 0.97 0.84 0.83 0.87 0.89 0.86 0.00 0.61 0.51 0.54 0.45 0.42 0.84 0.96 0.98 0.96 0.87 0.87 0.88 0.84 0.88 0.71 0.86 0.97 0.96 0.95 0.96 0.97 0.97 0.97 0.86 0.86 0.86 0.87 0.85 0.84 0.87 0.84 0.80 0.87 0.87 0.86 0.83 0.97 0.87 0.87 0.57 0.96 0.98 0.96 0.89 0.86 0.96 0.96 0.97 0.85 0.85 0.84 0.91
WHEAT81026 0.87 0.88 0.88 0.88 0.89 0.87 0.87 0.88 0.89 0.87 0.87 0.90 0.89 0.96 0.98 0.85 0.84 0.87 0.90 0.87 0.61 0.00 0.53 0.57 0.55 0.53 0.87 0.97 0.98 0.97 0.89 0.88 0.90 0.87 0.86 0.78 0.87 0.97 0.97 0.95 0.97 0.97 0.97 0.97 0.87 0.89 0.88 0.89 0.86 0.87 0.90 0.85 0.82 0.86 0.89 0.87 0.86 0.97 0.90 0.88 0.54 0.97 0.98 0.96 0.90 0.88 0.98 0.97 0.98 0.88 0.87 0.87 0.91
WHEAT81028 0.88 0.87 0.87 0.88 0.89 0.86 0.86 0.88 0.87 0.87 0.86 0.89 0.90 0.96 0.98 0.86 0.85 0.88 0.90 0.88 0.51 0.53 0.00 0.49 0.34 0.31 0.87 0.97 0.98 0.96 0.89 0.88 0.90 0.86 0.86 0.77 0.88 0.97 0.98 0.95 0.97 0.96 0.97 0.96 0.88 0.89 0.89 0.89 0.85 0.87 0.91 0.85 0.82 0.86 0.90 0.87 0.85 0.97 0.88 0.89 0.49 0.97 0.97 0.96 0.90 0.89 0.97 0.98 0.97 0.88 0.88 0.87 0.90
WHEAT87896 0.85 0.85 0.86 0.88 0.88 0.85 0.86 0.86 0.87 0.87 0.86 0.86 0.89 0.95 0.97 0.84 0.84 0.88 0.90 0.86 0.54 0.57 0.49 0.00 0.43 0.37 0.86 0.96 0.97 0.95 0.88 0.89 0.89 0.85 0.87 0.74 0.87 0.97 0.96 0.94 0.96 0.96 0.96 0.96 0.88 0.89 0.89 0.88 0.86 0.85 0.91 0.86 0.81 0.87 0.89 0.87 0.85 0.97 0.86 0.88 0.47 0.97 0.97 0.96 0.89 0.89 0.96 0.97 0.96 0.86 0.87 0.86 0.89
WHEAT87894 0.86 0.85 0.85 0.87 0.87 0.84 0.85 0.86 0.86 0.86 0.85 0.86 0.88 0.96 0.97 0.83 0.83 0.87 0.89 0.86 0.45 0.55 0.34 0.43 0.00 0.26 0.84 0.96 0.98 0.96 0.88 0.88 0.89 0.84 0.87 0.75 0.87 0.97 0.97 0.95 0.96 0.96 0.96 0.96 0.87 0.88 0.87 0.88 0.84 0.83 0.89 0.83 0.81 0.85 0.89 0.85 0.83 0.97 0.86 0.88 0.50 0.97 0.98 0.97 0.89 0.87 0.96 0.97 0.96 0.86 0.86 0.85 0.89
WHEAT95040 0.84 0.85 0.85 0.87 0.87 0.84 0.85 0.85 0.86 0.85 0.85 0.85 0.87 0.96 0.97 0.83 0.82 0.86 0.88 0.86 0.42 0.53 0.31 0.37 0.26 0.00 0.84 0.95 0.98 0.96 0.87 0.88 0.89 0.83 0.86 0.72 0.86 0.97 0.97 0.95 0.97 0.96 0.96 0.96 0.86 0.88 0.87 0.87 0.84 0.83 0.89 0.84 0.80 0.84 0.88 0.85 0.82 0.97 0.86 0.87 0.33 0.97 0.97 0.96 0.89 0.87 0.96 0.97 0.96 0.86 0.84 0.84 0.88
POPTR27565 0.74 0.81 0.83 0.81 0.74 0.81 0.88 0.90 0.90 0.89 0.89 0.91 0.80 0.96 0.97 0.88 0.88 0.79 0.80 0.74 0.84 0.87 0.87 0.86 0.84 0.84 0.00 0.96 0.98 0.97 0.82 0.81 0.82 0.78 0.90 0.89 0.74 0.97 0.97 0.97 0.96 0.97 0.98 0.97 0.77 0.79 0.76 0.77 0.86 0.78 0.81 0.86 0.88 0.90 0.80 0.90 0.89 0.97 0.82 0.75 0.87 0.97 0.97 0.97 0.81 0.77 0.97 0.95 0.97 0.73 0.75 0.73 0.94
PARTE06261 0.96 0.96 0.96 0.97 0.96 0.96 0.98 0.95 0.98 0.97 0.98 0.95 0.96 0.96 0.94 0.97 0.96 0.96 0.97 0.96 0.96 0.97 0.97 0.96 0.96 0.95 0.96 0.00 0.91 0.97 0.96 0.97 0.97 0.96 0.99 0.96 0.96 0.96 0.97 0.96 0.96 0.94 0.97 0.94 0.96 0.96 0.96 0.97 0.98 0.96 0.96 0.98 0.96 0.96 0.96 0.98 0.96 0.96 0.97 0.96 0.96 0.97 0.97 0.96 0.97 0.96 0.96 0.96 0.96 0.97 0.96 0.97 0.97
PARTE05201 0.97 0.98 0.97 0.97 0.97 0.97 0.98 0.96 0.98 0.97 0.98 0.96 0.97 0.96 0.96 0.97 0.98 0.98 0.97 0.97 0.98 0.98 0.98 0.97 0.98 0.98 0.98 0.91 0.00 0.96 0.98 0.98 0.97 0.98 0.98 0.98 0.97 0.96 0.97 0.97 0.95 0.96 0.96 0.96 0.98 0.97 0.96 0.98 0.98 0.98 0.97 0.98 0.97 0.97 0.97 0.98 0.96 0.96 0.98 0.98 0.98 0.97 0.96 0.95 0.98 0.97 0.97 0.97 0.96 0.97 0.97 0.98 0.98
LEIBR00777 0.97 0.97 0.97 0.97 0.97 0.97 0.96 0.96 0.96 0.96 0.96 0.96 0.97 0.93 0.97 0.96 0.95 0.98 0.97 0.97 0.96 0.97 0.96 0.95 0.96 0.96 0.97 0.97 0.96 0.00 0.98 0.97 0.98 0.97 0.97 0.97 0.96 0.94 0.97 0.97 0.97 0.97 0.97 0.97 0.97 0.97 0.97 0.97 0.96 0.97 0.98 0.96 0.96 0.96 0.97 0.97 0.96 0.94 0.97 0.96 0.96 0.94 0.94 0.98 0.96 0.96 0.96 0.97 0.96 0.96 0.96 0.97 0.97
CHEQI16567 0.81 0.83 0.86 0.84 0.83 0.84 0.91 0.91 0.93 0.91 0.91 0.92 0.87 0.97 0.97 0.91 0.90 0.85 0.85 0.81 0.87 0.89 0.89 0.88 0.88 0.87 0.82 0.96 0.98 0.98 0.00 0.46 0.39 0.84 0.92 0.91 0.82 0.97 0.96 0.96 0.97 0.95 0.97 0.95 0.85 0.86 0.86 0.83 0.90 0.82 0.87 0.89 0.88 0.90 0.86 0.91 0.89 0.97 0.83 0.84 0.91 0.98 0.97 0.95 0.85 0.87 0.97 0.97 0.97 0.83 0.84 0.82 0.92
CHEQI32809 0.82 0.84 0.86 0.83 0.83 0.84 0.92 0.91 0.93 0.91 0.92 0.92 0.86 0.97 0.98 0.91 0.89 0.85 0.83 0.82 0.87 0.88 0.88 0.89 0.88 0.88 0.81 0.97 0.98 0.97 0.46 0.00 0.44 0.82 0.93 0.92 0.82 0.97 0.97 0.97 0.97 0.95 0.96 0.95 0.85 0.86 0.85 0.84 0.91 0.81 0.87 0.91 0.87 0.90 0.85 0.92 0.89 0.97 0.84 0.84 0.90 0.98 0.97 0.96 0.84 0.86 0.97 0.97 0.97 0.84 0.84 0.83 0.93
CHEQI10104 0.80 0.83 0.85 0.84 0.84 0.84 0.92 0.92 0.93 0.91 0.92 0.92 0.86 0.97 0.97 0.91 0.91 0.86 0.85 0.82 0.88 0.90 0.90 0.89 0.89 0.89 0.82 0.97 0.97 0.98 0.39 0.44 0.00 0.82 0.93 0.91 0.79 0.97 0.97 0.97 0.97 0.95 0.97 0.95 0.85 0.86 0.85 0.83 0.90 0.81 0.87 0.90 0.89 0.92 0.87 0.92 0.90 0.97 0.84 0.85 0.91 0.98 0.97 0.96 0.85 0.86 0.97 0.97 0.97 0.84 0.85 0.82 0.93
ARALY23192 0.77 0.54 0.56 0.81 0.77 0.55 0.89 0.90 0.90 0.90 0.89 0.90 0.82 0.96 0.96 0.89 0.88 0.80 0.80 0.74 0.84 0.87 0.86 0.85 0.84 0.83 0.78 0.96 0.98 0.97 0.84 0.82 0.82 0.00 0.91 0.90 0.77 0.97 0.96 0.96 0.97 0.96 0.98 0.96 0.80 0.80 0.80 0.79 0.87 0.23 0.82 0.87 0.86 0.90 0.79 0.91 0.90 0.97 0.59 0.79 0.86 0.97 0.98 0.96 0.82 0.80 0.97 0.94 0.97 0.77 0.80 0.77 0.92
ORYSI24865 0.92 0.91 0.91 0.92 0.93 0.92 0.34 0.88 0.55 0.87 0.33 0.89 0.93 0.97 0.98 0.89 0.89 0.91 0.94 0.92 0.88 0.86 0.86 0.87 0.87 0.86 0.90 0.99 0.98 0.97 0.92 0.93 0.93 0.91 0.00 0.88 0.91 0.97 0.98 0.96 0.96 0.97 0.97 0.97 0.93 0.93 0.93 0.93 0.37 0.90 0.94 0.40 0.87 0.89 0.94 0.53 0.88 0.97 0.92 0.92 0.86 0.98 0.98 0.97 0.93 0.93 0.97 0.97 0.97 0.93 0.92 0.93 0.89
BRADI23061 0.89 0.91 0.90 0.91 0.90 0.89 0.86 0.85 0.86 0.83 0.86 0.85 0.91 0.96 0.97 0.84 0.86 0.91 0.92 0.90 0.71 0.78 0.77 0.74 0.75 0.72 0.89 0.96 0.98 0.97 0.91 0.92 0.91 0.90 0.88 0.00 0.90 0.97 0.98 0.96 0.97 0.97 0.97 0.97 0.90 0.90 0.91 0.89 0.86 0.89 0.92 0.86 0.84 0.88 0.91 0.87 0.83 0.97 0.90 0.90 0.72 0.97 0.97 0.96 0.93 0.89 0.97 0.96 0.97 0.88 0.88 0.89 0.91
VITVI23490 0.75 0.81 0.82 0.79 0.77 0.81 0.90 0.90 0.92 0.89 0.90 0.90 0.80 0.96 0.96 0.89 0.88 0.78 0.80 0.75 0.86 0.87 0.88 0.87 0.87 0.86 0.74 0.96 0.97 0.96 0.82 0.82 0.79 0.77 0.91 0.90 0.00 0.96 0.95 0.97 0.97 0.96 0.97 0.96 0.78 0.80 0.80 0.77 0.89 0.76 0.83 0.89 0.86 0.89 0.80 0.92 0.88 0.96 0.82 0.73 0.89 0.96 0.96 0.96 0.82 0.78 0.97 0.95 0.96 0.77 0.75 0.75 0.94
CYAME00604 0.97 0.96 0.96 0.98 0.97 0.97 0.97 0.95 0.97 0.97 0.97 0.95 0.98 0.95 0.96 0.96 0.97 0.97 0.98 0.98 0.97 0.97 0.97 0.97 0.97 0.97 0.97 0.96 0.96 0.94 0.97 0.97 0.97 0.97 0.97 0.97 0.96 0.00 0.97 0.96 0.96 0.96 0.96 0.96 0.97 0.98 0.98 0.97 0.97 0.96 0.98 0.97 0.97 0.95 0.98 0.97 0.96 0.00 0.97 0.98 0.96 0.95 0.95 0.96 0.97 0.98 0.96 0.96 0.96 0.97 0.97 0.98 0.97
POLPP02182 0.95 0.96 0.95 0.97 0.97 0.96 0.96 0.96 0.96 0.97 0.96 0.96 0.96 0.97 0.96 0.97 0.96 0.96 0.96 0.96 0.96 0.97 0.98 0.96 0.97 0.97 0.97 0.97 0.97 0.97 0.96 0.97 0.97 0.96 0.98 0.98 0.95 0.97 0.00 0.96 0.96 0.96 0.94 0.96 0.96 0.97 0.97 0.97 0.97 0.95 0.97 0.97 0.97 0.95 0.97 0.96 0.97 0.97 0.96 0.96 0.97 0.96 0.97 0.95 0.96 0.96 0.96 0.95 0.96 0.97 0.96 0.96 0.97
SELML21516 0.96 0.96 0.97 0.97 0.97 0.96 0.96 0.96 0.95 0.96 0.96 0.96 0.97 0.96 0.98 0.96 0.96 0.97 0.98 0.97 0.95 0.95 0.95 0.94 0.95 0.95 0.97 0.96 0.97 0.97 0.96 0.97 0.97 0.96 0.96 0.96 0.97 0.96 0.96 0.00 0.98 0.97 0.97 0.97 0.97 0.97 0.97 0.97 0.95 0.96 0.97 0.95 0.95 0.96 0.97 0.95 0.95 0.96 0.96 0.97 0.96 0.98 0.97 0.96 0.97 0.96 0.96 0.97 0.96 0.97 0.97 0.97 0.97
TETTS02693 0.96 0.97 0.96 0.95 0.97 0.96 0.96 0.97 0.97 0.97 0.96 0.96 0.97 0.96 0.94 0.97 0.97 0.97 0.98 0.96 0.96 0.97 0.97 0.96 0.96 0.97 0.96 0.96 0.95 0.97 0.97 0.97 0.97 0.97 0.96 0.97 0.97 0.96 0.96 0.98 0.00 0.94 0.96 0.94 0.98 0.97 0.98 0.97 0.96 0.97 0.97 0.96 0.98 0.97 0.97 0.97 0.97 0.96 0.97 0.97 0.97 0.97 0.95 0.96 0.97 0.96 0.96 0.96 0.97 0.98 0.97 0.97 0.98
ICHMU00745 0.95 0.96 0.97 0.96 0.96 0.96 0.98 0.96 0.97 0.97 0.98 0.96 0.96 0.97 0.96 0.98 0.96 0.95 0.97 0.96 0.97 0.97 0.96 0.96 0.96 0.96 0.97 0.94 0.96 0.97 0.95 0.95 0.95 0.96 0.97 0.97 0.96 0.96 0.96 0.97 0.94 0.00 0.96 0.00 0.97 0.97 0.97 0.96 0.97 0.96 0.97 0.97 0.96 0.96 0.97 0.98 0.96 0.96 0.95 0.97 0.96 0.98 0.97 0.95 0.95 0.97 0.96 0.95 0.96 0.96 0.97 0.97 0.95
DICPU08696 0.97 0.97 0.97 0.97 0.97 0.97 0.97 0.96 0.98 0.96 0.97 0.96 0.97 0.97 0.95 0.96 0.97 0.97 0.98 0.96 0.97 0.97 0.97 0.96 0.96 0.96 0.98 0.97 0.96 0.97 0.97 0.96 0.97 0.98 0.97 0.97 0.97 0.96 0.94 0.97 0.96 0.96 0.00 0.96 0.98 0.99 0.99 0.97 0.97 0.98 0.99 0.97 0.96 0.97 0.99 0.97 0.97 0.96 0.98 0.98 0.97 0.98 0.97 0.90 0.97 0.98 0.96 0.96 0.95 0.97 0.97 0.98 0.98
ICHMG07310 0.95 0.96 0.97 0.96 0.96 0.96 0.98 0.96 0.97 0.97 0.98 0.96 0.96 0.97 0.96 0.98 0.96 0.95 0.97 0.96 0.97 0.97 0.96 0.96 0.96 0.96 0.97 0.94 0.96 0.97 0.95 0.95 0.95 0.96 0.97 0.97 0.96 0.96 0.96 0.97 0.94 0.00 0.96 0.00 0.97 0.97 0.97 0.96 0.97 0.96 0.97 0.97 0.96 0.96 0.97 0.98 0.96 0.96 0.95 0.97 0.96 0.98 0.97 0.95 0.95 0.97 0.96 0.95 0.96 0.96 0.97 0.97 0.95
MEDTR24375 0.80 0.82 0.83 0.81 0.81 0.82 0.92 0.91 0.93 0.92 0.92 0.91 0.63 0.96 0.96 0.90 0.88 0.82 0.70 0.78 0.86 0.87 0.88 0.88 0.87 0.86 0.77 0.96 0.98 0.97 0.85 0.85 0.85 0.80 0.93 0.90 0.78 0.97 0.96 0.97 0.98 0.97 0.98 0.97 0.00 0.64 0.60 0.81 0.90 0.80 0.62 0.90 0.87 0.90 0.60 0.93 0.90 0.97 0.83 0.81 0.88 0.97 0.97 0.96 0.83 0.61 0.96 0.96 0.96 0.80 0.80 0.82 0.94
SOYBN02660 0.79 0.84 0.83 0.81 0.81 0.82 0.92 0.92 0.92 0.92 0.92 0.92 0.60 0.96 0.97 0.91 0.89 0.83 0.72 0.76 0.86 0.89 0.89 0.89 0.88 0.88 0.79 0.96 0.97 0.97 0.86 0.86 0.86 0.80 0.93 0.90 0.80 0.98 0.97 0.97 0.97 0.97 0.99 0.97 0.64 0.00 0.32 0.81 0.90 0.81 0.45 0.90 0.88 0.89 0.41 0.92 0.90 0.98 0.84 0.80 0.89 0.98 0.98 0.97 0.83 0.56 0.97 0.95 0.98 0.80 0.81 0.81 0.93
SOYBN42891 0.81 0.83 0.84 0.81 0.80 0.82 0.92 0.91 0.92 0.91 0.92 0.91 0.58 0.96 0.96 0.89 0.88 0.83 0.69 0.77 0.86 0.88 0.89 0.89 0.87 0.87 0.76 0.96 0.96 0.97 0.86 0.85 0.85 0.80 0.93 0.91 0.80 0.98 0.97 0.97 0.98 0.97 0.99 0.97 0.60 0.32 0.00 0.81 0.90 0.80 0.32 0.89 0.87 0.88 0.30 0.92 0.89 0.98 0.84 0.78 0.90 0.97 0.98 0.97 0.82 0.52 0.97 0.95 0.97 0.80 0.80 0.81 0.93
GOSHI53031 0.70 0.81 0.81 0.80 0.20 0.81 0.92 0.92 0.93 0.92 0.92 0.91 0.82 0.96 0.98 0.90 0.88 0.81 0.83 0.67 0.87 0.89 0.89 0.88 0.88 0.87 0.77 0.97 0.98 0.97 0.83 0.84 0.83 0.79 0.93 0.89 0.77 0.97 0.97 0.97 0.97 0.96 0.97 0.96 0.81 0.81 0.81 0.00 0.91 0.78 0.83 0.91 0.87 0.92 0.81 0.92 0.91 0.97 0.82 0.79 0.88 0.97 0.97 0.97 0.84 0.81 0.97 0.96 0.96 0.27 0.77 0.76 0.95
ORYSJ22678 0.89 0.88 0.88 0.89 0.91 0.88 0.18 0.88 0.48 0.86 0.18 0.88 0.91 0.97 0.98 0.88 0.87 0.90 0.91 0.90 0.85 0.86 0.85 0.86 0.84 0.84 0.86 0.98 0.98 0.96 0.90 0.91 0.90 0.87 0.37 0.86 0.89 0.97 0.97 0.95 0.96 0.97 0.97 0.97 0.90 0.90 0.90 0.91 0.00 0.87 0.91 0.07 0.84 0.84 0.91 0.42 0.86 0.97 0.89 0.90 0.86 0.97 0.98 0.97 0.92 0.90 0.96 0.97 0.96 0.90 0.89 0.89 0.90
ARATH26614 0.76 0.53 0.54 0.80 0.76 0.55 0.89 0.90 0.89 0.89 0.89 0.89 0.82 0.96 0.96 0.89 0.88 0.82 0.82 0.74 0.84 0.87 0.87 0.85 0.83 0.83 0.78 0.96 0.98 0.97 0.82 0.81 0.81 0.23 0.90 0.89 0.76 0.96 0.95 0.96 0.97 0.96 0.98 0.96 0.80 0.81 0.80 0.78 0.87 0.00 0.83 0.87 0.85 0.90 0.80 0.91 0.89 0.96 0.58 0.79 0.85 0.97 0.98 0.97 0.83 0.80 0.97 0.94 0.97 0.76 0.79 0.77 0.92
SOYBN21946 0.84 0.85 0.85 0.83 0.83 0.84 0.93 0.92 0.93 0.92 0.93 0.93 0.62 0.96 0.97 0.92 0.89 0.86 0.72 0.81 0.87 0.90 0.91 0.91 0.89 0.89 0.81 0.96 0.97 0.98 0.87 0.87 0.87 0.82 0.94 0.92 0.83 0.98 0.97 0.97 0.97 0.97 0.99 0.97 0.62 0.45 0.32 0.83 0.91 0.83 0.00 0.91 0.89 0.89 0.26 0.93 0.91 0.98 0.87 0.82 0.92 0.97 0.97 0.97 0.87 0.56 0.96 0.95 0.97 0.83 0.83 0.81 0.94
ORYGL19355 0.89 0.88 0.88 0.89 0.91 0.88 0.21 0.88 0.49 0.86 0.22 0.88 0.90 0.97 0.98 0.88 0.87 0.89 0.91 0.89 0.84 0.85 0.85 0.86 0.83 0.84 0.86 0.98 0.98 0.96 0.89 0.91 0.90 0.87 0.40 0.86 0.89 0.97 0.97 0.95 0.96 0.97 0.97 0.97 0.90 0.90 0.89 0.91 0.07 0.87 0.91 0.00 0.84 0.84 0.91 0.40 0.86 0.97 0.89 0.90 0.86 0.97 0.98 0.97 0.91 0.90 0.96 0.96 0.96 0.90 0.88 0.88 0.90
ORYBR30285 0.88 0.88 0.88 0.87 0.86 0.87 0.85 0.80 0.86 0.78 0.85 0.78 0.88 0.96 0.97 0.85 0.84 0.87 0.88 0.85 0.80 0.82 0.82 0.81 0.81 0.80 0.88 0.96 0.97 0.96 0.88 0.87 0.89 0.86 0.87 0.84 0.86 0.97 0.97 0.95 0.98 0.96 0.96 0.96 0.87 0.88 0.87 0.87 0.84 0.85 0.89 0.84 0.00 0.84 0.87 0.87 0.75 0.97 0.90 0.88 0.83 0.97 0.97 0.96 0.89 0.88 0.96 0.97 0.96 0.86 0.88 0.88 0.90
SETIT04466 0.91 0.90 0.90 0.89 0.91 0.90 0.85 0.90 0.86 0.88 0.85 0.89 0.90 0.96 0.97 0.84 0.85 0.91 0.89 0.89 0.87 0.86 0.86 0.87 0.85 0.84 0.90 0.96 0.97 0.96 0.90 0.90 0.92 0.90 0.89 0.88 0.89 0.95 0.95 0.96 0.97 0.96 0.97 0.96 0.90 0.89 0.88 0.92 0.84 0.90 0.89 0.84 0.84 0.00 0.88 0.87 0.87 0.95 0.91 0.91 0.86 0.97 0.96 0.97 0.92 0.89 0.96 0.96 0.96 0.90 0.90 0.90 0.88
SOYBN21949 0.83 0.83 0.83 0.82 0.81 0.83 0.93 0.92 0.93 0.91 0.93 0.92 0.57 0.96 0.97 0.91 0.88 0.84 0.68 0.78 0.87 0.89 0.90 0.89 0.89 0.88 0.80 0.96 0.97 0.97 0.86 0.85 0.87 0.79 0.94 0.91 0.80 0.98 0.97 0.97 0.97 0.97 0.99 0.97 0.60 0.41 0.30 0.81 0.91 0.80 0.26 0.91 0.87 0.88 0.00 0.93 0.90 0.98 0.84 0.79 0.90 0.97 0.97 0.97 0.84 0.51 0.97 0.95 0.97 0.80 0.80 0.81 0.94
ORYLO14359 0.92 0.91 0.92 0.91 0.93 0.91 0.36 0.89 0.55 0.87 0.33 0.88 0.92 0.97 0.98 0.88 0.90 0.91 0.93 0.92 0.86 0.87 0.87 0.87 0.85 0.85 0.90 0.98 0.98 0.97 0.91 0.92 0.92 0.91 0.53 0.87 0.92 0.97 0.96 0.95 0.97 0.98 0.97 0.98 0.93 0.92 0.92 0.92 0.42 0.91 0.93 0.40 0.87 0.87 0.93 0.00 0.87 0.97 0.91 0.92 0.85 0.97 0.97 0.97 0.93 0.92 0.96 0.96 0.96 0.92 0.91 0.90 0.90
ORYLO07186 0.89 0.88 0.90 0.88 0.90 0.87 0.86 0.56 0.87 0.53 0.86 0.47 0.91 0.96 0.97 0.87 0.86 0.89 0.90 0.88 0.83 0.86 0.85 0.85 0.83 0.82 0.89 0.96 0.96 0.96 0.89 0.89 0.90 0.90 0.88 0.83 0.88 0.96 0.97 0.95 0.97 0.96 0.97 0.96 0.90 0.90 0.89 0.91 0.86 0.89 0.91 0.86 0.75 0.87 0.90 0.87 0.00 0.96 0.88 0.89 0.85 0.98 0.97 0.97 0.91 0.90 0.96 0.96 0.96 0.89 0.89 0.89 0.91
CYAM104693 0.97 0.96 0.96 0.98 0.97 0.97 0.97 0.95 0.97 0.97 0.97 0.95 0.98 0.95 0.96 0.96 0.97 0.97 0.98 0.98 0.97 0.97 0.97 0.97 0.97 0.97 0.97 0.96 0.96 0.94 0.97 0.97 0.97 0.97 0.97 0.97 0.96 0.00 0.97 0.96 0.96 0.96 0.96 0.96 0.97 0.98 0.98 0.97 0.97 0.96 0.98 0.97 0.97 0.95 0.98 0.97 0.96 0.00 0.97 0.98 0.96 0.95 0.95 0.96 0.97 0.98 0.96 0.96 0.96 0.97 0.97 0.98 0.97
BRARP40741 0.80 0.21 0.67 0.84 0.82 0.30 0.91 0.90 0.91 0.90 0.91 0.89 0.86 0.97 0.96 0.91 0.89 0.85 0.86 0.79 0.87 0.90 0.88 0.86 0.86 0.86 0.82 0.97 0.98 0.97 0.83 0.84 0.84 0.59 0.92 0.90 0.82 0.97 0.96 0.96 0.97 0.95 0.98 0.95 0.83 0.84 0.84 0.82 0.89 0.58 0.87 0.89 0.90 0.91 0.84 0.91 0.88 0.97 0.00 0.81 0.88 0.98 0.98 0.96 0.87 0.84 0.97 0.96 0.97 0.82 0.81 0.79 0.94
PRUPE01558 0.75 0.81 0.83 0.79 0.78 0.80 0.91 0.92 0.92 0.91 0.91 0.93 0.80 0.96 0.97 0.90 0.88 0.82 0.80 0.75 0.87 0.88 0.89 0.88 0.88 0.87 0.75 0.96 0.98 0.96 0.84 0.84 0.85 0.79 0.92 0.90 0.73 0.98 0.96 0.97 0.97 0.97 0.98 0.97 0.81 0.80 0.78 0.79 0.90 0.79 0.82 0.90 0.88 0.91 0.79 0.92 0.89 0.98 0.81 0.00 0.89 0.97 0.96 0.97 0.82 0.79 0.96 0.96 0.96 0.76 0.78 0.76 0.94
AEGTA16793 0.87 0.87 0.86 0.89 0.88 0.87 0.85 0.84 0.87 0.86 0.85 0.86 0.89 0.96 0.98 0.86 0.86 0.89 0.91 0.88 0.57 0.54 0.49 0.47 0.50 0.33 0.87 0.96 0.98 0.96 0.91 0.90 0.91 0.86 0.86 0.72 0.89 0.96 0.97 0.96 0.97 0.96 0.97 0.96 0.88 0.89 0.90 0.88 0.86 0.85 0.92 0.86 0.83 0.86 0.90 0.85 0.85 0.96 0.88 0.89 0.00 0.97 0.97 0.96 0.90 0.89 0.97 0.98 0.97 0.88 0.88 0.88 0.88
TRYB200995 0.97 0.97 0.96 0.96 0.97 0.97 0.97 0.97 0.97 0.98 0.97 0.97 0.98 0.96 0.98 0.97 0.97 0.96 0.97 0.98 0.96 0.97 0.97 0.97 0.97 0.97 0.97 0.97 0.97 0.94 0.98 0.98 0.98 0.97 0.98 0.97 0.96 0.95 0.96 0.98 0.97 0.98 0.98 0.98 0.97 0.98 0.97 0.97 0.97 0.97 0.97 0.97 0.97 0.97 0.97 0.97 0.98 0.95 0.98 0.97 0.97 0.00 0.93 0.96 0.97 0.97 0.97 0.96 0.96 0.97 0.96 0.96 0.98
TRYCC07250 0.97 0.98 0.97 0.97 0.97 0.98 0.98 0.98 0.98 0.98 0.98 0.97 0.97 0.95 0.98 0.97 0.96 0.98 0.96 0.97 0.98 0.98 0.97 0.97 0.98 0.97 0.97 0.97 0.96 0.94 0.97 0.97 0.97 0.98 0.98 0.97 0.96 0.95 0.97 0.97 0.95 0.97 0.97 0.97 0.97 0.98 0.98 0.97 0.98 0.98 0.97 0.98 0.97 0.96 0.97 0.97 0.97 0.95 0.98 0.96 0.97 0.93 0.00 0.95 0.98 0.97 0.97 0.97 0.97 0.96 0.96 0.97 0.97
DICDI03960 0.96 0.96 0.97 0.97 0.96 0.96 0.97 0.97 0.97 0.97 0.97 0.96 0.97 0.96 0.94 0.97 0.97 0.96 0.97 0.96 0.96 0.96 0.96 0.96 0.97 0.96 0.97 0.96 0.95 0.98 0.95 0.96 0.96 0.96 0.97 0.96 0.96 0.96 0.95 0.96 0.96 0.95 0.90 0.95 0.96 0.97 0.97 0.97 0.97 0.97 0.97 0.97 0.96 0.97 0.97 0.97 0.97 0.96 0.96 0.97 0.96 0.96 0.95 0.00 0.95 0.97 0.96 0.95 0.96 0.96 0.96 0.97 0.97
SOLLC30910 0.80 0.86 0.86 0.84 0.83 0.86 0.93 0.94 0.93 0.93 0.93 0.94 0.83 0.96 0.97 0.91 0.90 0.65 0.83 0.79 0.89 0.90 0.90 0.89 0.89 0.89 0.81 0.97 0.98 0.96 0.85 0.84 0.85 0.82 0.93 0.93 0.82 0.97 0.96 0.97 0.97 0.95 0.97 0.95 0.83 0.83 0.82 0.84 0.92 0.83 0.87 0.91 0.89 0.92 0.84 0.93 0.91 0.97 0.87 0.82 0.90 0.97 0.98 0.95 0.00 0.82 0.96 0.96 0.96 0.83 0.85 0.85 0.93
PHAVU09099 0.81 0.83 0.83 0.82 0.81 0.83 0.91 0.92 0.92 0.91 0.91 0.92 0.42 0.96 0.97 0.89 0.87 0.81 0.69 0.79 0.86 0.88 0.89 0.89 0.87 0.87 0.77 0.96 0.97 0.96 0.87 0.86 0.86 0.80 0.93 0.89 0.78 0.98 0.96 0.96 0.96 0.97 0.98 0.97 0.61 0.56 0.52 0.81 0.90 0.80 0.56 0.90 0.88 0.89 0.51 0.92 0.90 0.98 0.84 0.79 0.89 0.97 0.97 0.97 0.82 0.00 0.98 0.96 0.98 0.81 0.80 0.80 0.94
HYDVU01784 0.96 0.97 0.97 0.96 0.96 0.97 0.96 0.96 0.96 0.96 0.96 0.96 0.97 0.95 0.95 0.97 0.97 0.96 0.97 0.96 0.96 0.98 0.97 0.96 0.96 0.96 0.97 0.96 0.97 0.96 0.97 0.97 0.97 0.97 0.97 0.97 0.97 0.96 0.96 0.96 0.96 0.96 0.96 0.96 0.96 0.97 0.97 0.97 0.96 0.97 0.96 0.96 0.96 0.96 0.97 0.96 0.96 0.96 0.97 0.96 0.97 0.97 0.97 0.96 0.96 0.98 0.00 0.96 0.09 0.97 0.97 0.97 0.97
NAEGR09551 0.96 0.95 0.95 0.96 0.96 0.95 0.96 0.97 0.96 0.96 0.96 0.96 0.96 0.96 0.95 0.97 0.97 0.96 0.96 0.96 0.96 0.97 0.98 0.97 0.97 0.97 0.95 0.96 0.97 0.97 0.97 0.97 0.97 0.94 0.97 0.96 0.95 0.96 0.95 0.97 0.96 0.95 0.96 0.95 0.96 0.95 0.95 0.96 0.97 0.94 0.95 0.96 0.97 0.96 0.95 0.96 0.96 0.96 0.96 0.96 0.98 0.96 0.97 0.95 0.96 0.96 0.96 0.00 0.96 0.96 0.95 0.95 0.97
HYDVU16662 0.96 0.97 0.97 0.96 0.96 0.97 0.96 0.96 0.96 0.96 0.96 0.96 0.97 0.96 0.95 0.96 0.97 0.96 0.97 0.96 0.97 0.98 0.97 0.96 0.96 0.96 0.97 0.96 0.96 0.96 0.97 0.97 0.97 0.97 0.97 0.97 0.96 0.96 0.96 0.96 0.97 0.96 0.95 0.96 0.96 0.98 0.97 0.96 0.96 0.97 0.97 0.96 0.96 0.96 0.97 0.96 0.96 0.96 0.97 0.96 0.97 0.96 0.97 0.96 0.96 0.98 0.09 0.96 0.00 0.97 0.97 0.97 0.97
GOSAR31066 0.67 0.80 0.81 0.80 0.12 0.80 0.91 0.92 0.92 0.92 0.91 0.91 0.83 0.96 0.97 0.88 0.87 0.81 0.82 0.63 0.85 0.88 0.88 0.86 0.86 0.86 0.73 0.97 0.97 0.96 0.83 0.84 0.84 0.77 0.93 0.88 0.77 0.97 0.97 0.97 0.98 0.96 0.97 0.96 0.80 0.80 0.80 0.27 0.90 0.76 0.83 0.90 0.86 0.90 0.80 0.92 0.89 0.97 0.82 0.76 0.88 0.97 0.96 0.96 0.83 0.81 0.97 0.96 0.97 0.00 0.76 0.75 0.95
MANES08056 0.76 0.81 0.81 0.82 0.77 0.81 0.89 0.91 0.92 0.90 0.90 0.91 0.82 0.96 0.97 0.90 0.87 0.82 0.82 0.74 0.85 0.87 0.88 0.87 0.86 0.84 0.75 0.96 0.97 0.96 0.84 0.84 0.85 0.80 0.92 0.88 0.75 0.97 0.96 0.97 0.97 0.97 0.97 0.97 0.80 0.81 0.80 0.77 0.89 0.79 0.83 0.88 0.88 0.90 0.80 0.91 0.89 0.97 0.81 0.78 0.88 0.96 0.96 0.96 0.85 0.80 0.97 0.95 0.97 0.76 0.00 0.64 0.94
MANES16598 0.75 0.78 0.82 0.82 0.76 0.78 0.90 0.90 0.92 0.89 0.90 0.91 0.81 0.98 0.98 0.90 0.87 0.82 0.83 0.74 0.84 0.87 0.87 0.86 0.85 0.84 0.73 0.97 0.98 0.97 0.82 0.83 0.82 0.77 0.93 0.89 0.75 0.98 0.96 0.97 0.97 0.97 0.98 0.97 0.82 0.81 0.81 0.76 0.89 0.77 0.81 0.88 0.88 0.90 0.81 0.90 0.89 0.98 0.79 0.76 0.88 0.96 0.97 0.97 0.85 0.80 0.97 0.95 0.97 0.75 0.64 0.00 0.93
ERATE23368 0.94 0.93 0.92 0.95 0.95 0.92 0.88 0.89 0.88 0.89 0.88 0.91 0.94 0.98 0.99 0.89 0.91 0.93 0.94 0.93 0.91 0.91 0.90 0.89 0.89 0.88 0.94 0.97 0.98 0.97 0.92 0.93 0.93 0.92 0.89 0.91 0.94 0.97 0.97 0.97 0.98 0.95 0.98 0.95 0.94 0.93 0.93 0.95 0.90 0.92 0.94 0.90 0.90 0.88 0.94 0.90 0.91 0.97 0.94 0.94 0.88 0.98 0.97 0.97 0.93 0.94 0.97 0.97 0.97 0.95 0.94 0.93 0.00
